# x,y
-1.000000000000000000e+00 -1.224646799147353207e-16
-9.797979797979797789e-01 -6.291366235192316636e-02
-9.595959595959595578e-01 -1.225350010432891962e-01
-9.393939393939394478e-01 -1.756947865475935455e-01
-9.191919191919192267e-01 -2.194655121505164341e-01
-8.989898989898990056e-01 -2.512712531759244139e-01
-8.787878787878787845e-01 -2.689847698470954618e-01
-8.585858585858585634e-01 -2.710083281171850045e-01
-8.383838383838383423e-01 -2.563353015412696556e-01
-8.181818181818181213e-01 -2.245903122126674534e-01
-7.979797979797980112e-01 -1.760464448300140261e-01
-7.777777777777777901e-01 -1.116188970489494364e-01
-7.575757575757575690e-01 -3.283528143607319927e-02
-7.373737373737373479e-01 5.821636121846427564e-02
-7.171717171717171269e-01 1.589599712821738453e-01
-6.969696969696970168e-01 2.664216976044532226e-01
-6.767676767676766847e-01 3.773346933226665034e-01
-6.565656565656565746e-01 4.882547033758825594e-01
-6.363636363636363535e-01 5.956822760979741949e-01
-6.161616161616161325e-01 6.961871909962586980e-01
-5.959595959595959114e-01 7.865306138323399088e-01
-5.757575757575756903e-01 8.637805713389002937e-01
-5.555555555555555802e-01 9.254165783983233640e-01
-5.353535353535352481e-01 9.694196415879616779e-01
-5.151515151515151381e-01 9.943443905319703235e-01
-4.949494949494949170e-01 9.993707334284415156e-01
-4.747474747474746959e-01 9.843331721377418519e-01
-4.545454545454544748e-01 9.497267186177253961e-01
-4.343434343434342537e-01 8.966891991325567357e-01
-4.141414141414141437e-01 8.269605850210270948e-01
-3.939393939393939226e-01 7.428208180851327835e-01
-3.737373737373737015e-01 6.470083748824542180e-01
-3.535353535353534804e-01 5.426225093258727483e-01
-3.333333333333332593e-01 4.330127018922186877e-01
-3.131313131313130382e-01 3.216593051371800516e-01
-2.929292929292928171e-01 2.120496924352515689e-01
-2.727272727272727071e-01 1.075543784493302318e-01
-2.525252525252524860e-01 1.130757994837519598e-02
-2.323232323232322649e-01 -7.390347576702223364e-02
-2.121212121212120438e-01 -1.457365045669568593e-01
-1.919191919191918227e-01 -2.023758522303857332e-01
-1.717171717171716017e-01 -2.425949738048009952e-01
-1.515151515151514916e-01 -2.657974600767611939e-01
-1.313131313131312705e-01 -2.720351416540274236e-01
-1.111111111111110494e-01 -2.620026302293848586e-01
-9.090909090909082835e-02 -2.370085087564141602e-01
-7.070707070707060726e-02 -1.989242267170320821e-01
-5.050505050505038618e-02 -1.501125628770299258e-01
-3.030303030303027612e-02 -9.333825676862343712e-02
-1.010101010101005503e-02 -3.166405490305735509e-02
1.010101010101016605e-02 3.166405490305770204e-02
3.030303030303049816e-02 9.333825676862408938e-02
5.050505050505060822e-02 1.501125628770305365e-01
7.070707070707071829e-02 1.989242267170323319e-01
9.090909090909105039e-02 2.370085087564145210e-01
1.111111111111111605e-01 2.620026302293850251e-01
1.313131313131314926e-01 2.720351416540274792e-01
1.515151515151516026e-01 2.657974600767611384e-01
1.717171717171717127e-01 2.425949738048007731e-01
1.919191919191920448e-01 2.023758522303851504e-01
2.121212121212121549e-01 1.457365045669564985e-01
2.323232323232324870e-01 7.390347576702141486e-02
2.525252525252525970e-01 -1.130757994837567303e-02
2.727272727272729291e-01 -1.075543784493312727e-01
2.929292929292930392e-01 -2.120496924352529011e-01
3.131313131313131493e-01 -3.216593051371806067e-01
3.333333333333334814e-01 -4.330127018922199089e-01
3.535353535353535914e-01 -5.426225093258733034e-01
3.737373737373739235e-01 -6.470083748824552172e-01
3.939393939393940336e-01 -7.428208180851334497e-01
4.141414141414143657e-01 -8.269605850210278719e-01
4.343434343434344758e-01 -8.966891991325574018e-01
4.545454545454545858e-01 -9.497267186177255072e-01
4.747474747474749179e-01 -9.843331721377421850e-01
4.949494949494950280e-01 -9.993707334284416266e-01
5.151515151515153601e-01 -9.943443905319702125e-01
5.353535353535354702e-01 -9.694196415879612339e-01
5.555555555555555802e-01 -9.254165783983233640e-01
5.757575757575759123e-01 -8.637805713388995166e-01
5.959595959595960224e-01 -7.865306138323393537e-01
6.161616161616163545e-01 -6.961871909962576987e-01
6.363636363636364646e-01 -5.956822760979734177e-01
6.565656565656567967e-01 -4.882547033758810606e-01
6.767676767676769067e-01 -3.773346933226648936e-01
6.969696969696970168e-01 -2.664216976044532226e-01
7.171717171717173489e-01 -1.589599712821723743e-01
7.373737373737374590e-01 -5.821636121846360257e-02
7.575757575757577911e-01 3.283528143607380295e-02
7.777777777777779011e-01 1.116188970489499360e-01
7.979797979797982332e-01 1.760464448300148310e-01
8.181818181818183433e-01 2.245903122126676754e-01
8.383838383838384534e-01 2.563353015412696556e-01
8.585858585858587855e-01 2.710083281171850600e-01
8.787878787878788955e-01 2.689847698470953508e-01
8.989898989898992276e-01 2.512712531759240253e-01
9.191919191919193377e-01 2.194655121505161843e-01
9.393939393939394478e-01 1.756947865475935455e-01
9.595959595959597799e-01 1.225350010432887937e-01
9.797979797979798899e-01 6.291366235192273615e-02
1.000000000000000000e+00 1.224646799147353207e-16
